FileDesignation	Ltotal	L20	L25	L32	L40	L50	L63	L80	L100	L125	L160	L200	L250	L315	L400	L500	L630	L800	L1k	L1k25	L1k6	L2k	L2k5	L3k15	L4k	L5k	L6k3	L8k	L10k	L12k5	L16k
1	-27.885	-111.085	-97.891	-87.985	-75.924	-65.102	-62.378	-42.909	-40.29	-41.962	-40.355	-38.355	-38.001	-45.84	-44.494	-42.926	-36.202	-39.777	-41.318	-34.026	-42.54	-47.214	-44.942	-50.238	-54.006	-57.639	-50.755	-55.885	-64.512	-67.928	-80.294
2	-26.685	-100.36	-88.581	-80.683	-73.362	-60.647	-56.104	-54.643	-41.434	-35.049	-33.254	-39.71	-37.873	-41.746	-44.465	-44.869	-37.527	-37.353	-43.68	-34.935	-44.595	-43.941	-45.352	-43.792	-50.553	-50.942	-44.71	-50.941	-58.78	-63.617	-78.353
3	-26.735	-106.373	-90.362	-82.725	-72.765	-61.043	-55.188	-44.994	-36.645	-34.976	-32.675	-37.582	-36.258	-38.338	-40.65	-39.497	-39.528	-47.439	-45.11	-41.157	-46.75	-46.248	-47.06	-52.963	-59.815	-63.489	-60.708	-64.947	-64.014	-65.586	-73.859
4	-27.085	-108.12	-94.315	-87.671	-81.16	-66.327	-59.646	-44.216	-36.998	-36.901	-35.845	-34.503	-34.204	-37.272	-40.136	-44.789	-50.84	-55.812	-56.242	-43.835	-45.307	-43.204	-43.537	-46.937	-50.504	-54.001	-46.916	-46.407	-58.762	-67.759	-79.742
5	-24.147	-106.715	-91.34	-86.87	-77.592	-61.803	-54.826	-45.37	-35.222	-32.352	-30.326	-35.834	-35.836	-39.718	-40.522	-38.681	-33.077	-37.895	-42.531	-33.306	-43.153	-45.911	-49.128	-53.794	-66.686	-70.659	-63.083	-65.922	-70.467	-77.31	-88.035
6	-24.797	-103.702	-93.767	-85.357	-74.428	-64.305	-60.861	-45.677	-34.126	-33.686	-40.572	-35.573	-35.628	-42.247	-42.182	-37.992	-30.982	-35.255	-38.666	-34.937	-46.883	-46.496	-46.991	-51.466	-54.521	-57.505	-55.449	-54.254	-63.978	-70.316	-81.957
7	-26.122	-100.099	-89.576	-82.758	-70.233	-58.335	-51.258	-46.882	-35.946	-33.661	-35.345	-34.878	-32.163	-43.098	-42.141	-42.675	-39.52	-41.744	-42.681	-39.567	-51.253	-47.973	-51.921	-53.004	-59.428	-58.466	-47.847	-52.297	-61.851	-67.788	-77.081
8	-26.01	-102.578	-91.832	-86.006	-73.895	-61.729	-59.081	-38.921	-32.964	-36.759	-38.678	-34.807	-33.69	-40.885	-40.418	-41.96	-39.955	-44.882	-45.533	-39.698	-42.809	-39.92	-39.604	-44.953	-52.188	-56.808	-48.081	-50.754	-59.981	-67.787	-81.498
9	-26.66	-96.609	-92.296	-82.492	-76.069	-59.943	-56.699	-52.842	-34.619	-32.578	-35.736	-36.594	-36.238	-38.859	-38.608	-41.509	-42.096	-42.625	-45.247	-43.557	-53.592	-51.811	-51.194	-50.943	-57.598	-55.941	-45.884	-52.765	-64.984	-67.816	-79.407
10	-26.085	-104.782	-96.117	-85.035	-83.654	-66.632	-66.1	-49.35	-35.969	-34.947	-35.95	-36.077	-38.521	-41.206	-38.046	-35.787	-35.385	-39.711	-43.816	-36.548	-41.677	-46.568	-47.225	-48.632	-53.154	-54.37	-50.462	-53.654	-60.247	-68.513	-82.068
11	-26.897	-105.469	-94.389	-89.247	-76.946	-67.201	-59.901	-46.902	-35.344	-35.421	-33.36	-36.131	-37.619	-39.256	-41.45	-40.143	-43.075	-50.043	-51.455	-43.351	-46.221	-45.089	-45.773	-41.863	-48.498	-51.466	-45.172	-49.308	-59.072	-65.439	-80.304
12	-28.11	-105.817	-94.418	-88.543	-77.576	-66.51	-61.585	-49.028	-41.039	-36.237	-34.499	-39.089	-35.232	-41.395	-46.465	-44.526	-40.641	-45.629	-46.24	-41.105	-49.201	-42.592	-46.713	-46.707	-58.344	-56.071	-49.558	-60.801	-65.825	-67.863	-82.364
13	-27.422	-107.306	-94.737	-86.045	-75.476	-63.801	-58.834	-43.414	-36.883	-34.202	-37.151	-38.568	-35.864	-43.848	-42.122	-42.761	-38.649	-45.411	-48.69	-41.221	-40.686	-44.252	-44.751	-45.49	-50.809	-50.976	-47.153	-52.142	-61.767	-67.219	-81.56
14	-25.485	-104.631	-95.257	-85.768	-75.426	-64.424	-55.652	-37.963	-33.599	-34.975	-37.506	-32.561	-31.654	-37.597	-43.601	-46.021	-44.723	-47.269	-47.78	-41.099	-47.937	-50.74	-47.276	-45.626	-48.936	-49.494	-41.741	-48.055	-56.439	-58.75	-74.027
15	-27.51	-107.27	-96.758	-88.793	-77.414	-67.001	-60.793	-47.723	-39.542	-35.555	-41.123	-38.296	-33.959	-41.843	-38.729	-38.026	-40.909	-48.422	-45.986	-38.318	-39.777	-47.276	-47.319	-50.423	-58.755	-64.354	-56.08	-57.159	-69.502	-74.605	-85.661
16	-26.822	-99.725	-96.29	-87.459	-75.338	-62.725	-55.76	-46.771	-38.507	-36.141	-41.135	-37.055	-33.269	-42.919	-42.661	-40.286	-38.363	-46.215	-47.968	-36.46	-39.31	-44.203	-40.383	-44.299	-48.172	-50.975	-43.819	-48.108	-58.406	-65.666	-79.954
17	-25.135	-102.917	-91.674	-86.05	-76.201	-66.213	-62.843	-51.592	-33.382	-31.155	-34.843	-33.374	-34.164	-39.477	-43.472	-39.396	-36.683	-41.496	-48.451	-42.243	-46.543	-44.371	-46.382	-52.087	-54.586	-58.387	-51.54	-54.554	-63.641	-71.183	-81.951
18	-28.222	-100.581	-92.244	-84.785	-78.905	-67.122	-62.884	-48.105	-34.329	-35.739	-41.865	-37.627	-38.72	-41.208	-40.525	-39.952	-43.311	-50.063	-50.958	-43.417	-49.307	-44.932	-46.596	-46.615	-47.629	-51.341	-46.932	-50.526	-58.594	-65.404	-78.634
19	-27.66	-107.228	-94.723	-87.87	-75.593	-62.175	-59.269	-51.023	-40.212	-37.598	-39.414	-43.404	-38.638	-46.026	-47.626	-40.453	-35.039	-37.946	-40.91	-34.196	-43.849	-46.596	-46.303	-51.918	-54.405	-56.045	-50.12	-54.65	-61.825	-70.636	-80.49
20	-24.41	-99.938	-90.607	-85.358	-75.297	-65.225	-59.738	-45.588	-39.263	-38.43	-40.116	-41.74	-39.473	-45.628	-41.677	-38.617	-31.72	-33.215	-35.99	-28.832	-39.603	-47.582	-41.97	-51.499	-55.475	-62.486	-64.208	-65.805	-66.271	-72.745	-84.564
21	-27.51	-107.563	-94.251	-83.443	-73.101	-63.156	-57.487	-44.121	-35.532	-36.155	-42.116	-35.449	-35.836	-42.087	-44.061	-39.119	-38.774	-47.281	-46.921	-41.079	-40.366	-45.772	-45.864	-48.301	-54.289	-58.507	-53.818	-56.698	-65.31	-71.005	-84.235
22	-24.347	-103.088	-90.854	-82.104	-70.144	-60.549	-56.917	-51.655	-34.851	-30.948	-34.778	-35.033	-31.782	-37.873	-42.449	-37.516	-36.109	-40.217	-40.461	-35.433	-41.905	-41.277	-45.605	-50.353	-52.802	-56.771	-49.118	-51.584	-61.536	-66.348	-80.297
23	-28.035	-107.652	-95.621	-89.501	-77.356	-67.831	-61.112	-40.235	-36.131	-41.202	-40.493	-36.817	-36.443	-43.817	-45.607	-41.787	-37.809	-47.888	-46.52	-38.523	-39.679	-48.891	-46.718	-47.503	-51.078	-55.086	-48.04	-52.145	-61.41	-68.523	-80.678
24	-28.047	-103.191	-95.616	-85.567	-74.296	-64.829	-58.261	-48.676	-39.031	-39.494	-40.655	-39.399	-38.119	-44.546	-46.775	-45.55	-37.549	-42.727	-43.204	-34.649	-45.938	-45.912	-44.954	-45.068	-51.349	-50.981	-39.838	-42.364	-53.332	-61.009	-75.942
25	-26.96	-107.439	-94.028	-83.879	-72.805	-62.001	-56.434	-49.161	-38.589	-36.476	-34.368	-37.11	-35.76	-40.276	-41.189	-38.29	-38.626	-40.008	-41.413	-43.071	-46.403	-40.79	-44.897	-47.987	-55.412	-56.416	-47.349	-52.364	-60.733	-65.668	-82.377
26	-28.86	-106.115	-92.052	-83.713	-72.556	-62.521	-58.676	-49.84	-37.481	-39.821	-40.517	-37.564	-41.126	-41.194	-38.717	-41.547	-43.565	-46.887	-47.985	-41.395	-47.304	-42.28	-43.806	-43.819	-49.409	-49.443	-42.019	-48.1	-56.62	-65.492	-77.745
27	-28.435	-98.717	-91.283	-85.707	-77.288	-65.494	-63.34	-58.683	-41.21	-35.86	-38.172	-39.648	-37.572	-47.451	-45.771	-39.741	-36.355	-41.66	-42.774	-41.535	-48.197	-45.969	-45.58	-45.531	-53.341	-53.82	-49.084	-52.65	-61.424	-67.303	-78.507
28	-23.51	-102.492	-92.229	-86.549	-76.625	-67.461	-62.048	-54.019	-33.415	-28.288	-33.075	-33.347	-29.394	-37.895	-40.924	-40.892	-48.268	-49.737	-46.629	-44.054	-49.397	-49.705	-48.446	-44.718	-46.093	-52.765	-49.894	-53.792	-60.503	-68.167	-82.937
29	-27.335	-106.561	-96.621	-89.457	-79.339	-68.332	-64.439	-52.809	-38.078	-36.469	-40.822	-37.665	-39.337	-44.289	-45.643	-41.373	-34.729	-40.541	-41.749	-34.966	-43.55	-43.738	-46.851	-49.266	-47.726	-48.368	-45.719	-52.54	-59.656	-63.336	-78.202
30	-24.485	-105.78	-91.394	-83.199	-73.249	-58.563	-53.475	-44.851	-32.425	-32.668	-36.37	-33.494	-34.56	-37.506	-41.332	-38.025	-33.004	-39.337	-46.573	-37.397	-40.554	-43.085	-43.943	-47.026	-49.562	-52.186	-47.337	-49.865	-58.666	-67.635	-80.836
31	-25.397	-103.865	-94.299	-85.124	-77.247	-64.018	-61.411	-50.447	-33.493	-32.228	-33.38	-35.176	-33.825	-37.441	-40.541	-39.61	-40.81	-44.422	-44.1	-41.326	-44.242	-47.024	-46.743	-50.426	-53.901	-55.048	-47.391	-53.739	-60.022	-67.976	-81.607
32	-24.285	-108.546	-96.704	-83.543	-74.942	-61.952	-57.604	-47.243	-36.86	-31.389	-28.69	-37.347	-35.614	-40.485	-44.586	-39.698	-34.121	-41.166	-38.006	-39.561	-48.422	-47.522	-48.923	-47.134	-54.823	-55.372	-46.907	-50.771	-61.199	-65.628	-78.686
33	-25.41	-108.986	-94.696	-85.642	-75.311	-58.096	-55.703	-43.83	-32.364	-33.976	-37.104	-34.739	-33.727	-38.989	-44.742	-41.064	-34.712	-40.319	-37.851	-39.851	-52.847	-49.341	-50.366	-54.022	-56.724	-63.891	-59.222	-62.095	-67.28	-74.925	-84.481
34	-26.935	-99.236	-88.261	-82.202	-66.082	-58.412	-55.065	-44.537	-37.47	-36.591	-41.494	-36.069	-35.674	-42.429	-42.971	-42.979	-36.092	-41.367	-45.385	-34.725	-40.551	-44.209	-43.127	-46.579	-52.076	-57.285	-51.978	-55.239	-62.594	-67.549	-82.139
35	-23.16	-103.814	-90.203	-84.913	-74.215	-59.538	-57.991	-39.234	-32.945	-32.238	-35.776	-34.629	-33.828	-38.031	-40.508	-36.721	-33.109	-35.859	-38.703	-30.218	-36.023	-41.85	-42.531	-46.272	-54.002	-61.448	-53.633	-56.862	-62.201	-70.821	-83.79
36	-28.41	-100.343	-93.523	-87.739	-76.469	-65.683	-60.813	-49.054	-41.224	-37.163	-38.096	-43.161	-40.363	-47.077	-39.939	-37.393	-35.34	-40.418	-42.051	-42.386	-45.075	-45.886	-45.015	-50.464	-59.608	-65.572	-59.96	-63.822	-65.916	-67.705	-79.143
37	-25.86	-101.997	-98.465	-88.293	-79.637	-63.387	-60.534	-52.163	-37.643	-33.576	-37.596	-39.55	-34.962	-43.91	-39.916	-38.774	-34.402	-38.397	-40.701	-36.792	-44.959	-38.106	-39.943	-46.6	-51.974	-53.798	-47.926	-46.965	-55.631	-64.788	-80.758
38	-26.035	-105.405	-96.146	-85.942	-75.789	-65.193	-58.359	-37.602	-33.994	-35.747	-38.113	-34.786	-35.216	-37.995	-38.437	-37.839	-38.834	-41.936	-42.407	-39.282	-45.662	-46.401	-46.558	-48.408	-57.933	-65.637	-57.365	-60.606	-68.893	-75.499	-87.977
39	-27.51	-108	-94.967	-87.783	-76.359	-62.804	-58.861	-42.989	-34.891	-39.1	-41.198	-35.74	-35.81	-41.609	-42.629	-41.517	-36.622	-40.43	-44.874	-41.723	-43.963	-47.796	-45.965	-49.819	-53.38	-55.312	-49.843	-56.785	-65.635	-71.408	-82.685
40	-24.435	-102.379	-94.069	-84.473	-71.413	-63.446	-58.948	-43.702	-34.512	-31.014	-33.777	-34.249	-32.307	-34.728	-37.309	-40.929	-41.522	-42.296	-44.269	-37.734	-43.491	-45.86	-43.654	-44.626	-50.713	-54.502	-50.002	-52.493	-61.311	-66.715	-80.52
41	-25.347	-108.776	-91.998	-84.178	-73.058	-63.824	-60.347	-47.623	-35.456	-33.016	-41.141	-34.363	-31.789	-40.446	-41.167	-36.616	-35.055	-39.381	-41.767	-42.976	-47.892	-42.912	-42.869	-45.859	-53.303	-55.289	-50.7	-56.376	-63.458	-68.506	-82.527
42	-24.26	-107.903	-94.226	-86.101	-73.096	-63.337	-58.133	-42.025	-37.131	-34.945	-32.891	-36.99	-32.711	-40.272	-43.419	-37.613	-29.801	-39.667	-35.16	-38.011	-48.846	-49.807	-44.334	-50.792	-61.765	-67.699	-60.713	-61.721	-66.793	-72.637	-82.817
43	-25.335	-108.059	-91.689	-83.872	-72.036	-63.834	-60.15	-53.402	-34.212	-31.142	-35.27	-35.644	-32.582	-42.222	-41.278	-42.492	-37.621	-42.954	-43.912	-37.025	-46.066	-45.688	-49.096	-55.224	-61.515	-63.908	-57.467	-58.474	-66.991	-71.234	-78.262
44	-24.535	-106.057	-91.323	-82.578	-73.078	-60.676	-58.058	-45.828	-36.183	-29.818	-30.965	-35.634	-32.172	-38.199	-43.606	-44.409	-41.068	-42.941	-43.908	-40.694	-45.932	-43.463	-46.008	-49.345	-52.438	-54.246	-49.229	-55.71	-64.547	-70.235	-78.551
45	-27.622	-97.278	-91.165	-86.252	-77.154	-63.746	-59.131	-38.132	-35.178	-37.403	-40.794	-36.188	-36.005	-41.874	-42.236	-41.507	-44.444	-49.825	-49.608	-45.507	-46.416	-40.52	-40.55	-45.776	-47.591	-52.069	-48.45	-50.476	-57.358	-64.441	-75.166
46	-27.685	-105.691	-91.566	-85.299	-74.911	-63.909	-58.005	-45.674	-36.178	-34.555	-39.164	-37.565	-37.267	-42.482	-41.882	-38.094	-37.505	-45.766	-48.25	-44.838	-46.729	-42.628	-46.198	-52.5	-53.334	-59.785	-54.806	-58.148	-63.215	-70.655	-80.176
47	-28.66	-101.964	-95.401	-90.554	-80.414	-67.745	-65.39	-53.712	-39.206	-35.663	-38.532	-38.611	-37.005	-44.145	-38.266	-42.955	-46.597	-54.551	-51.449	-50.971	-47.86	-41.429	-42.451	-45.393	-52.168	-50.457	-43.24	-50.326	-56.937	-64.214	-80.048
48	-25.36	-106.448	-93.485	-84.801	-73.517	-62.466	-60.014	-50.501	-38.797	-32.04	-31.209	-38.491	-33.243	-38.821	-39.987	-42.969	-39.059	-44.778	-46.368	-39.114	-41.709	-44.667	-44.984	-44.539	-52.079	-50.767	-44.321	-45.609	-57.905	-65.739	-77.777
49	-26.21	-100.263	-88.766	-80.683	-69.361	-58.79	-56.329	-44.511	-35.981	-34.381	-32.373	-37.749	-36.221	-37.041	-40.753	-37.766	-40.794	-46.722	-48.79	-41.509	-46.838	-42.133	-44.782	-47.5	-48.778	-52.538	-47.633	-51.551	-61.821	-67.272	-79.411
50	-26.96	-104.747	-92.57	-87.479	-75.787	-66.916	-62.162	-46.996	-32.308	-35.951	-41.229	-34.085	-37.274	-42.932	-38.953	-40.039	-42.085	-45.039	-44.791	-42.47	-44.099	-48.349	-48.929	-49.839	-55.725	-53.536	-49.281	-57.917	-64.763	-71.375	-83.776
51	-24.485	-104.543	-93.183	-82.99	-72.45	-59.819	-54.226	-48.754	-38.314	-34.463	-35.001	-38.705	-38.13	-42.625	-43.396	-39.212	-30.827	-31.97	-38.271	-32.911	-41.992	-46.329	-44.132	-48.754	-50.13	-53.342	-49.299	-51.181	-59.534	-67.61	-78.252
52	-26.597	-106.772	-92.984	-86.962	-75.843	-67.733	-61.048	-40.439	-36.583	-37.452	-38.912	-34.799	-35.566	-43.992	-43.267	-41.33	-35.277	-40.292	-41.884	-36.538	-43.2	-44.782	-41.968	-46.435	-53.584	-58.942	-54.836	-59.5	-64.23	-69.519	-81.707
53	-23.31	-110.194	-92.985	-87.028	-76.058	-68.365	-63.919	-44.117	-34.146	-34.458	-42.503	-34.161	-35.828	-38.904	-44.641	-40.096	-30.518	-33.385	-35.31	-28.959	-44.21	-45.412	-46.615	-50.291	-53.778	-57.883	-54.226	-55.708	-63.239	-70.205	-79.804
54	-23.747	-103.782	-87.67	-80.407	-71.881	-61.907	-55.534	-42.486	-32.927	-34.051	-40.513	-32.327	-31.773	-36.885	-40.052	-37.898	-37.04	-42.968	-47.105	-36.169	-34.492	-38.427	-37.843	-41.084	-42.311	-46.169	-38.364	-41.673	-53.702	-60.207	-70.092
55	-26.96	-95.95	-93.926	-85.243	-74.258	-65.037	-60.855	-42.019	-38.126	-38.268	-41.018	-38.01	-35.816	-44.901	-42.325	-36.795	-34.373	-41.353	-37.283	-36.839	-48.202	-44.316	-50.878	-53.836	-60.883	-72.088	-68.367	-70.89	-71.439	-78.674	-87.765
56	-25.172	-99.834	-90.426	-80.733	-72.004	-61.68	-55.84	-45.294	-33.985	-35.564	-34.819	-35.143	-36.392	-39.574	-39.779	-35.818	-33.689	-39.904	-36.72	-36.884	-44.895	-47.482	-46.6	-47.343	-51.976	-54.857	-48.301	-53.632	-59.867	-68.205	-80.569
57	-27.785	-105.444	-94.399	-86.863	-75.03	-60.865	-57.76	-50.122	-37.307	-36.268	-42.957	-37.586	-36.448	-41.537	-42.486	-40.25	-36.267	-43.117	-41.134	-40.005	-47.655	-45.604	-45.873	-46.253	-51.309	-52.258	-46.276	-51.079	-59.567	-65.107	-78.821
58	-27.76	-106.326	-95.698	-87.277	-76.695	-64.624	-59.345	-40.765	-37.068	-37.12	-41.25	-36.307	-35.493	-43.187	-40.304	-42.307	-38.598	-44.591	-43.849	-38.691	-43.523	-45.119	-47.941	-51.655	-58.277	-70.623	-62.464	-64.691	-68.835	-74.615	-86.196
59	-24.41	-105.22	-95.248	-85.567	-74.83	-65.037	-56.474	-41.941	-35.102	-29.916	-38.512	-33.358	-30.45	-43.331	-42.336	-39.269	-39.469	-43.404	-45.277	-37.37	-40.53	-45.137	-41.517	-45.992	-54.521	-67.3	-61.805	-61.135	-66.178	-70.457	-84.443
60	-26.11	-104.307	-93.724	-84.68	-70.481	-62.26	-56.216	-39.798	-36.359	-33.677	-37.548	-35.285	-34.181	-42.037	-46.549	-40.791	-35.423	-43.277	-43.448	-38.018	-42.712	-47.705	-47.248	-43.186	-49.526	-52.29	-46.969	-52.388	-60.984	-67.352	-79.692
61	-26.485	-101.533	-92.151	-84.571	-72.648	-62.889	-59.232	-49.491	-38.434	-33.662	-30.582	-40.731	-38.14	-43.631	-41.443	-38.486	-40.04	-44.577	-46.613	-40.589	-44.601	-46.716	-49.288	-50.727	-51.482	-54.126	-49.764	-53.695	-62.314	-65.827	-80.106
62	-23.047	-104.345	-94.455	-85.69	-74.641	-57.607	-53.429	-50.968	-32.538	-28.439	-29.575	-34.095	-30.057	-37.073	-39.835	-41.934	-45.645	-51.06	-53.711	-46.042	-44.147	-41.214	-43.833	-47.312	-55.837	-65.613	-59.705	-61.67	-66.493	-70.513	-83.535
63	-25.535	-107.854	-96.263	-86.229	-76.831	-63.821	-59.52	-49.209	-36.995	-35.448	-34.422	-37.478	-38.437	-45.038	-46.326	-40.936	-32.162	-36.64	-38.68	-32.698	-44.822	-52.434	-49.224	-59.551	-65.127	-70.299	-64.859	-63.159	-66.309	-71.821	-83.086
64	-25.11	-104.644	-95.044	-84.092	-75.2	-61.698	-56.234	-51.014	-37.84	-29.37	-34.411	-38.66	-32.244	-40.089	-37.312	-43.836	-41.203	-45.105	-49.564	-39.263	-42.476	-42.211	-44.973	-47.194	-57.034	-63.111	-59.153	-59.016	-64.252	-69.029	-77.128
65	-25.935	-99.156	-93.325	-83.837	-74.197	-62.031	-58.018	-49.986	-35.316	-31.37	-35.819	-36.046	-31.692	-42.526	-46.234	-43.821	-42.52	-50.564	-53.385	-49.752	-50.048	-44.51	-45.637	-44.364	-46.98	-51.038	-44.148	-48.882	-58.332	-66.49	-78.905
66	-26.285	-102.086	-95.079	-87.449	-75.582	-67.929	-61.29	-45.299	-37.849	-37.993	-44.059	-37.065	-37.476	-42.17	-44.773	-43.904	-33.468	-38.245	-40.902	-31.587	-43.248	-47.754	-44.756	-49.038	-50.435	-54.51	-51.779	-54.276	-63.405	-71.013	-81.117
67	-26.26	-105.535	-95.95	-86.35	-76.89	-65.522	-60.245	-48.673	-36.874	-33.86	-36.884	-37.899	-35.165	-39.926	-41.1	-40.57	-36.855	-44.775	-42.911	-35.849	-38.745	-45.602	-42.155	-43.769	-50.394	-52.702	-47.398	-51.268	-60.705	-66.72	-78.721
68	-25.785	-98.307	-93.165	-86.385	-76.973	-63.349	-61.134	-48.286	-38.191	-34.709	-36.022	-39.924	-38.349	-42.747	-41.854	-40.951	-33.289	-40.124	-38.615	-32.594	-41.358	-43.754	-42.507	-45.699	-51.972	-54.954	-45.215	-48.807	-58.601	-66.494	-79.209
69	-28.635	-105.261	-96.086	-84.445	-78.284	-65.141	-59.955	-49.826	-39.727	-35.383	-36.931	-44.371	-40.74	-44.096	-40.854	-38.437	-40.645	-48.566	-48.826	-41.682	-43.526	-41.137	-46.221	-46.771	-47.3	-49.853	-46.65	-50.072	-57.074	-65.93	-76.9
70	-26.535	-105.379	-93.047	-84.168	-80.331	-66.469	-61.143	-48.308	-35.123	-35.268	-36.272	-36.344	-37.82	-40.178	-40.006	-38.59	-36.662	-39.748	-44.374	-36.269	-43.787	-48.012	-47.875	-51.063	-57.219	-56.922	-49.765	-56.033	-63.172	-69.769	-84.93
71	-25.835	-98.296	-94.717	-85.106	-71.835	-65.761	-61.375	-50.866	-40.729	-34.343	-35.83	-42.04	-38.193	-44.248	-42.628	-37.254	-31.898	-36.84	-37.284	-36.097	-40.642	-42.865	-45.559	-50.988	-56.633	-62.717	-60.049	-62.219	-64.763	-75.069	-84.829
72	-25.297	-103.597	-92.257	-82.15	-73.493	-61.344	-58.394	-41.056	-34.863	-34.43	-32.411	-33.937	-32.081	-37.743	-41.543	-41.655	-43.932	-49.703	-44.267	-37.889	-47.327	-46.515	-48.159	-47.414	-53.034	-55.234	-49.039	-52.973	-62.998	-67.918	-81.783
73	-27.372	-103.014	-92.389	-82.683	-71.444	-60.336	-59.462	-43.795	-35.007	-35.732	-40.594	-35.297	-35.634	-40.887	-42.388	-43.843	-44.494	-52.856	-50.892	-41.372	-41.595	-44.606	-43.245	-44.912	-50.085	-49.644	-42.383	-45.68	-55.844	-62.268	-78.423
74	-25.697	-107.616	-94.032	-88.506	-77.547	-65.497	-60.729	-38.542	-36.953	-36.336	-34.088	-35.24	-33.461	-38.796	-43.724	-41.865	-35.903	-43.992	-49.128	-37.538	-38.619	-45.332	-42.032	-47.612	-49.269	-52.538	-44.782	-46.895	-60.111	-64.602	-78.525
75	-24.547	-97.721	-91.771	-84.28	-75.316	-57.858	-55.351	-48.833	-32.752	-31.371	-40.652	-32.89	-33.774	-37.832	-43.535	-38.995	-34.03	-40.834	-44.055	-36.324	-40.895	-41.921	-45.197	-45.919	-54.315	-53.244	-49.979	-61.154	-64.948	-70.998	-82.789
76	-28.035	-110.272	-96.535	-85.135	-75.949	-64.728	-63.425	-51.643	-38.363	-36.636	-38.124	-38.016	-37.53	-41.732	-47.429	-43.162	-37.476	-42.533	-40.275	-37.366	-45.963	-43.79	-45.491	-50.207	-58.615	-62.036	-56.529	-56.987	-63.707	-68.02	-80.769
77	-25.91	-105.647	-98.607	-86.183	-76.476	-62.489	-60.412	-52.869	-37.492	-33.621	-32.283	-37.302	-37.023	-40.085	-42.968	-36.947	-36.795	-45.387	-39.931	-39.404	-45.619	-39.85	-42.229	-45.612	-52.688	-60.9	-56.985	-54.882	-62.412	-71.999	-84.162
78	-26.472	-109.104	-93.77	-86.322	-74.202	-60	-57.008	-46.408	-37.31	-34.74	-37.474	-35.88	-37.949	-42.244	-39.426	-41.64	-38.011	-40.265	-43.269	-33.851	-44.001	-42.775	-41.797	-44.408	-51.677	-59.513	-52.795	-55.238	-61.37	-69.813	-77.633
79	-26.647	-109.469	-96.169	-91.392	-80.619	-68.846	-64.277	-51.206	-37.1	-34.634	-35.052	-38.168	-36.509	-43.368	-40.928	-38.984	-34.629	-37.892	-42.608	-39.185	-48.329	-49.782	-48.698	-51.874	-57.124	-59.851	-54.822	-58.5	-65.317	-73.545	-83.312
80	-28.985	-101.494	-96.027	-86.797	-74.757	-63.483	-59.033	-50.278	-35.297	-37.463	-43.471	-38.564	-41.852	-43.766	-43.495	-38.877	-37.629	-43.499	-48.997	-47.402	-48.121	-48.547	-44.769	-53.204	-52.211	-55.303	-49.173	-53.121	-60.692	-68.341	-80.843
81	-23.26	-100.806	-90.055	-80.364	-68.381	-55.49	-50.641	-43.063	-35.457	-31.714	-33.944	-33.419	-32.34	-38.623	-40.598	-37.091	-32.471	-38.911	-43.094	-31.622	-42.575	-44.921	-43.913	-42.756	-40.044	-46.771	-38.612	-40.779	-53.099	-60.151	-76.634
82	-23.372	-101.147	-85.972	-83.743	-71.769	-59.886	-53.712	-42.217	-30.292	-31.285	-36.354	-30.002	-30.478	-36.451	-38.134	-41.603	-42.974	-48.412	-47.421	-39.295	-45.506	-43.338	-43.834	-44.598	-48.524	-51.752	-47	-52.342	-60.234	-68.921	-77.048
83	-25.81	-109.035	-93.468	-83.816	-74.087	-61.564	-57.458	-39.701	-35.003	-34.817	-33.422	-33.573	-33.074	-37	-47.097	-47.73	-39.47	-50.94	-53.304	-47.138	-46.141	-43.263	-42.161	-48.928	-59.136	-59.646	-47.84	-54.128	-64.444	-68.074	-78.095
84	-27.635	-96.194	-90.394	-83.338	-73.763	-61.419	-60.368	-52.853	-38.718	-33.499	-38.066	-40.013	-34.736	-43.489	-42.754	-40.601	-41.007	-43.874	-47.368	-39.956	-47.683	-42.753	-46.571	-49.367	-48.884	-51.805	-45.437	-48.919	-58.305	-66.556	-76.882
85	-26.21	-108.261	-94.411	-83.43	-71.386	-63.171	-59.628	-39.772	-36.843	-36.51	-39.141	-38.681	-38.02	-43.857	-40.333	-35.721	-34.01	-42.239	-45.189	-35.113	-38.469	-45.267	-43.176	-44.992	-47.084	-51.715	-46.671	-51.886	-59.429	-67.265	-77.354
86	-25.897	-109.219	-97.62	-87.835	-80.196	-69.981	-66.219	-49.13	-38.181	-36.223	-38.488	-39.262	-38.613	-47.281	-44.917	-38.22	-31.57	-39.084	-40.749	-32.259	-43.175	-48.286	-43.834	-48.901	-53.044	-56.035	-51.916	-56.129	-64.485	-71.08	-76.627
87	-25.647	-95.028	-88.752	-77.938	-68.827	-60.252	-54.898	-51.037	-37.444	-32.111	-34.044	-37.813	-33.607	-41.741	-43.468	-41.371	-34.148	-39.531	-41.418	-38.084	-45.221	-46.576	-47.648	-51.568	-56.12	-59.593	-54.24	-53.147	-62.72	-71.245	-83.713
88	-25.435	-97.294	-91.464	-85.08	-78.376	-67.157	-62.202	-41.887	-33.819	-33.987	-38.752	-33.413	-33.744	-41.479	-41.475	-39.434	-36.315	-42.087	-42.62	-35.608	-39.997	-46.731	-45.273	-48.099	-55.895	-68.616	-60.79	-62.655	-67.253	-68.451	-78.494
89	-28.235	-100.066	-92.418	-84.164	-73.234	-62.838	-58.591	-45.745	-37.14	-36.373	-38.519	-36.203	-38.219	-44.701	-46.009	-42.917	-41.545	-47.589	-47.115	-39.266	-44.236	-47.168	-46.339	-43.183	-47.267	-48.179	-43.281	-49.085	-58.755	-62.077	-78.602
90	-26.672	-106.122	-94.204	-83.62	-72.847	-62.698	-57.686	-43.724	-34.885	-36.93	-41.39	-35.622	-37.588	-40.303	-36.802	-38.882	-36.844	-40.383	-39.187	-39.769	-47.787	-41.163	-43.627	-48.421	-56.485	-57.047	-54.806	-59.131	-63.509	-71.242	-85.39
91	-23.972	-105.646	-94.788	-86.937	-76.218	-67.218	-62.553	-47.236	-37.605	-32.169	-33.533	-36.444	-27.917	-35.474	-45.241	-42.754	-37.235	-43.383	-40.719	-37.445	-45.237	-42.862	-48.24	-50.48	-54.585	-54.883	-44.258	-51.785	-61.488	-64.637	-76.912
92	-25.049	-98.494	-88.819	-82.376	-71.86	-57.226	-53.816	-47.702	-34.011	-31.99	-36.761	-34.981	-34.439	-40.276	-41.042	-38.392	-34.897	-40.102	-45.601	-35.727	-39.711	-43.958	-45.467	-49.056	-52.52	-52.252	-46.575	-52.584	-62.093	-66.656	-82.723
93	-25.222	-99.509	-90.246	-84.667	-69.604	-58.126	-56.66	-51.596	-32.384	-32.117	-38.69	-32.432	-34.54	-36.131	-38.234	-41.851	-39.492	-40.456	-46.075	-41.527	-47.107	-46.604	-50.512	-52.718	-56.853	-52.066	-52.2	-60.991	-63.354	-68.843	-81.454
94	-24.797	-106.495	-93.073	-86.931	-75.185	-64.132	-57.885	-43.095	-34.03	-32.395	-33.832	-34.891	-31.575	-39.019	-41.248	-40.975	-37.468	-41.637	-40.479	-38.611	-47.901	-40.521	-43.838	-47.621	-54.736	-54.703	-49.135	-55.929	-61.215	-66.655	-80.652
95	-26.697	-104.617	-99.168	-89.091	-78.471	-67.684	-62.397	-40.596	-36.923	-39.603	-40.111	-35.228	-38.266	-41.038	-44.259	-42.678	-34.972	-40.241	-41.19	-33.883	-39.654	-46.469	-45.02	-52.707	-55.879	-59.68	-55.076	-56.827	-64.073	-70.348	-80.918
96	-28.822	-102.627	-94.247	-88.045	-77.494	-65.019	-59.313	-49.995	-42.086	-39.402	-38.106	-39.933	-36.577	-40.639	-42.921	-40.662	-39.57	-43.924	-49.166	-41.578	-41.545	-42.547	-43.206	-50.032	-52.016	-53.654	-45.952	-52.546	-61.782	-64.71	-77.255
97	-25.072	-108.243	-91.777	-85.213	-75.507	-61.623	-59.219	-47.81	-34.475	-34.548	-34.736	-33.385	-36.648	-38.922	-40.361	-36.848	-33.193	-36.438	-40.806	-40.181	-46.729	-46.361	-46.419	-47.746	-54.103	-54.664	-46.19	-47.644	-59.285	-64.722	-79.815
98	-25.96	-103.437	-93.597	-85.493	-74.825	-65.442	-60.225	-51.132	-38.168	-34.703	-39.199	-38.219	-35.851	-41.661	-39.113	-38.569	-34.664	-40.223	-37.673	-33.44	-44.989	-42.901	-42.263	-48.224	-51.66	-56.961	-52.022	-56.223	-63.039	-67.64	-78.136
99	-29.01	-102.175	-96.664	-87.999	-74.146	-61.343	-58.152	-46.315	-37.375	-37.791	-41.37	-35.964	-37.269	-43.545	-43.679	-43.834	-45.275	-53.948	-54.601	-42.871	-40.974	-48.406	-46.617	-46.587	-49.252	-54.211	-48.097	-49.407	-59.63	-66.21	-80.503
100	-27.31	-107.813	-94.517	-87.377	-75.929	-67.985	-66.202	-42.537	-34.377	-39.951	-43.895	-35.811	-37.867	-40.026	-40.728	-39.832	-37.614	-42.884	-44.759	-37.835	-40.188	-46.652	-41.201	-48.904	-57.06	-70.925	-65.242	-65.786	-67.542	-73.218	-84.158
101	-25.235	-106.063	-90.636	-85.839	-76.207	-66.123	-57.335	-44.596	-35.004	-31.164	-40.22	-33.863	-30.264	-39.444	-43.931	-43.497	-44.423	-52.808	-49.837	-41.659	-45.325	-43.438	-46.79	-47.193	-49.42	-50.025	-44.353	-51.543	-58.415	-64.192	-78.798
102	-26.222	-106.404	-96.543	-89.918	-76.666	-63.994	-60.05	-49.593	-36.32	-34.434	-35.949	-36.718	-36.606	-41.108	-46.364	-45.619	-36.086	-39.22	-42.851	-33.589	-39.558	-48.111	-47.41	-49.073	-56.444	-58.273	-50.337	-56.158	-65.458	-69.147	-82.28
103	-27.722	-98.927	-90.428	-85.705	-74.68	-61.821	-56.645	-52.213	-36.78	-34.797	-42.309	-39.129	-38.105	-45.886	-43.429	-37.386	-36.939	-43.077	-47.017	-37.116	-42.671	-47.922	-47.551	-49.642	-52.487	-56.443	-51.666	-52.399	-60.663	-69.027	-80.17
104	-26.422	-96.962	-92.499	-86.037	-75.952	-59.346	-57.921	-35.245	-36.963	-37.881	-38.952	-39.851	-36.628	-45.609	-40.515	-37.078	-34.894	-43.884	-38.057	-35.091	-47.095	-50.208	-48.018	-50.99	-53.834	-57.454	-48.691	-52.614	-62.062	-69.99	-82.28
105	-25.385	-108.629	-91.18	-86.035	-75.821	-64.405	-56.414	-52.987	-35.956	-31.219	-37.271	-37.496	-32.467	-40.479	-39.946	-38.063	-36.563	-41.145	-41.646	-38.551	-41.465	-44.539	-47.606	-48.175	-54.378	-57.72	-48.538	-51.089	-62.21	-69.25	-80.662
106	-26.385	-107.394	-95.445	-87.596	-75.888	-65.852	-60.299	-49.255	-35.803	-33.942	-39.661	-34.316	-35.067	-41.917	-42.152	-39.136	-37.531	-44.387	-43.912	-40.622	-42.709	-40.91	-41.759	-43.74	-49.044	-52.074	-44.564	-50.342	-60.066	-64.255	-77.156
107	-27.985	-106.056	-98.163	-87.561	-78.061	-66.417	-57.744	-52.017	-34.081	-36.617	-39.793	-35.571	-38.242	-39.598	-39.413	-42.553	-44.3	-50.564	-54.058	-48.674	-47.486	-44.162	-47.412	-48.028	-47.206	-52.653	-48.506	-50.581	-60.493	-67.175	-80.712
108	-25.135	-107.46	-94.15	-85.67	-74.432	-59.792	-52.731	-49.75	-35.971	-32.838	-35.286	-35.762	-32.327	-40.921	-42.893	-39.102	-35.865	-36.382	-43.327	-36.579	-47.157	-41.014	-43.76	-45.695	-54.846	-56.217	-48.114	-51.75	-61.504	-67.792	-82.598
109	-27.472	-108.862	-98.494	-86.555	-77.458	-65.186	-63.029	-44.196	-41.48	-35.64	-37.506	-41.027	-31.969	-42.754	-43.981	-43.462	-39.215	-44.698	-39.982	-41.262	-51.506	-43.671	-48.053	-47.798	-59.613	-64.589	-55.742	-55.094	-65.695	-70.776	-83.876
110	-27.91	-110.608	-99.348	-90.336	-79.687	-68.597	-66.513	-56.773	-39.969	-35.926	-39.315	-42.29	-39.209	-43.546	-40.211	-36.944	-38.734	-48.336	-44.296	-36.511	-41.765	-45.312	-44.38	-43.746	-49.389	-49.136	-43.915	-49.199	-58.747	-64.896	-77.85
111	-23.372	-104.977	-95.923	-88.788	-77.28	-64.986	-58.774	-54.317	-37.658	-31.115	-35.459	-36.113	-32.223	-40.179	-35.496	-35.566	-30.738	-38.485	-37.333	-32.437	-42.047	-45.282	-43.32	-43.667	-50.517	-50.949	-45.16	-48.742	-58.135	-65.748	-79.684
112	-26.635	-102.195	-92.751	-85.506	-73.897	-57.776	-55.019	-38.044	-36.83	-37.192	-38.771	-38.839	-38.143	-43.577	-41.913	-36.25	-34.579	-40.696	-38.638	-36.616	-42.896	-49.432	-46.739	-49.798	-55.879	-57.538	-49.128	-56.566	-64.956	-67.765	-79.074
113	-26.172	-99.054	-93.632	-85.5	-74.173	-65.585	-60.292	-44.915	-34.242	-35.348	-37.719	-36.842	-39.274	-40.723	-40.432	-36.668	-34.68	-39.671	-42.544	-35.909	-45.24	-49.957	-46.585	-49.185	-47.122	-51.085	-47.987	-50.065	-58.932	-63.99	-77.162
114	-25.872	-104.735	-88.417	-82.17	-73.255	-59.951	-56.866	-43.509	-37.237	-31.955	-36.778	-36.971	-32.728	-41.254	-40.64	-38.65	-37.378	-37.643	-43.575	-41.443	-44.832	-47.4	-49.649	-54.406	-62.34	-68.756	-64.649	-64.436	-68.112	-72.614	-82.819
115	-25.485	-100.39	-92.802	-84.689	-73.63	-61.207	-57.512	-47.688	-36.714	-33.804	-35.685	-37.766	-36.572	-40.266	-41.03	-37.337	-33.681	-39.748	-38.883	-33.823	-43.39	-42.618	-43.577	-50.061	-59.454	-64.426	-57.792	-57.633	-63.406	-71.402	-81.416
116	-27.372	-99.822	-92.347	-85.218	-75.04	-60.068	-58.551	-53.676	-36.617	-34.867	-41.705	-36.614	-37.537	-45.01	-44.811	-41.085	-35.387	-43.259	-42.424	-37.64	-46.039	-44.288	-48.274	-48.031	-49.614	-52.1	-44.175	-48.877	-57.494	-65.058	-80.389
117	-24.035	-102.525	-92.864	-84.66	-74.938	-64.54	-60.69	-45.311	-34.018	-31.376	-39.134	-33.398	-28.301	-37.297	-45.977	-42.987	-38.298	-45.869	-45.957	-38.868	-47.023	-40.145	-41.21	-42.952	-50.754	-67.184	-61.914	-62.064	-65.013	-68.81	-80.745
118	-25.46	-105.487	-91.4	-84.5	-74.433	-63.432	-53.294	-50.16	-35.04	-31.858	-33.457	-34.644	-32.695	-40.72	-46.304	-42.069	-38.856	-45.777	-43.707	-38.383	-49.873	-48.687	-48.576	-46.85	-54.372	-56.451	-48.399	-53.626	-63.428	-71.045	-85.892
119	-24.21	-103.636	-96.015	-89.075	-79.811	-67.134	-64.253	-50.557	-37.122	-37.196	-35.729	-36.227	-33.407	-41.602	-42.504	-39.278	-33.712	-37.202	-37.573	-29.507	-38.798	-40.733	-40.003	-44.845	-52.163	-57.059	-50.782	-52.817	-59.849	-64.774	-77.844
120	-27.185	-99.284	-92.833	-85.855	-79.116	-70.13	-64.151	-48.86	-36.318	-36.344	-44.983	-36.894	-36.552	-40.968	-38.687	-40.808	-40.108	-43.326	-43.864	-36.04	-41.098	-41.911	-40.839	-46.081	-48.114	-53.244	-48.218	-50.417	-61.047	-67.026	-80.886
121	-26.197	-109.318	-95.5	-85.124	-74.972	-63.387	-59.998	-41.836	-39.2	-37.846	-39.699	-38.084	-37.036	-44.513	-41.524	-40.906	-33.907	-37.918	-42.061	-32.728	-37.184	-43.611	-44.688	-47.379	-54.449	-57.122	-53.551	-58.172	-63.375	-69.473	-81.341
122	-27.385	-105.387	-92.403	-84.031	-74.837	-65.38	-59.236	-40.029	-34.237	-36.908	-40.112	-34.11	-36.644	-40.632	-44.512	-43.518	-38.432	-46.967	-47.179	-43.017	-46.06	-46.317	-47.243	-49.862	-56.37	-61.353	-53.674	-56.568	-65.371	-72.148	-82.08
123	-26.747	-104.612	-98.7	-88.887	-77.73	-62.777	-58.497	-56.447	-38.998	-35.604	-38.596	-41.7	-37.942	-44.576	-40.551	-37.055	-33.228	-40.948	-38.721	-36.64	-41.272	-49.268	-43.489	-50.636	-52.629	-55.864	-50.131	-51.598	-60.141	-70.206	-83.06
124	-27.972	-101.524	-94.176	-85.595	-76.705	-61.982	-57.295	-42.48	-36.841	-38.938	-39.343	-35.203	-35.569	-42.547	-43.681	-41.789	-39.641	-46.265	-46.597	-41.063	-48.736	-41.488	-44.129	-49.672	-53.401	-57.191	-53.33	-54.398	-62.141	-70.151	-80.993
125	-28.885	-106.5	-94.244	-86.766	-75.104	-63.242	-61.6	-45.755	-40.757	-36.846	-40.863	-39.591	-36.638	-44.326	-45.974	-47.869	-40.268	-44.477	-45.378	-37.231	-48.277	-46.136	-44.689	-45.634	-50.748	-51.166	-43.977	-48.574	-59.216	-64.438	-76.775
126	-24.447	-110.462	-95.06	-88.661	-77.926	-65.947	-58.516	-53.183	-33.051	-30.097	-36.063	-33.859	-30.567	-40.211	-45.154	-43.467	-36.039	-42.86	-48.53	-44.169	-44.974	-43.139	-43.808	-50.337	-59.151	-58.696	-51.405	-58.621	-64.17	-68.569	-79.132
127	-25.697	-105.18	-93.549	-82.225	-72.523	-59.921	-56.308	-40.917	-32.36	-35.968	-40.17	-32.502	-35.978	-39.022	-39.968	-38.632	-37.737	-44.508	-49.705	-38.221	-39.149	-47.122	-44.167	-48.149	-50.493	-66.184	-63.149	-61.798	-65.054	-71.086	-82.479
128	-26.997	-107.859	-93.878	-85.563	-75.564	-65.088	-61.127	-47.586	-37.822	-33.914	-35.1	-38.355	-36.331	-42.51	-40.03	-40.382	-37.876	-44.507	-43.173	-44.846	-46.068	-45.579	-43.033	-42.927	-46.343	-49.824	-43.696	-48.225	-59.216	-64.162	-76.06
129	-26.085	-106.512	-91.166	-86.869	-75.32	-63.581	-60.676	-52.44	-34.067	-34.677	-41.618	-35.065	-36.337	-42.038	-46.55	-41.32	-33.139	-41.656	-38.956	-37.34	-51.404	-49.151	-47.331	-43.364	-49.876	-51.503	-43.839	-50.634	-60.916	-64.89	-80.26
130	-27.935	-108.175	-95.721	-88.985	-78.491	-66.17	-59.623	-41.267	-38.577	-41.117	-41.163	-37.332	-40.612	-43.007	-41.471	-37.271	-36.68	-39.518	-37.885	-38.565	-48.239	-47.117	-46.26	-52.145	-62.029	-59.639	-52.082	-58.202	-64.359	-70.115	-80.67
131	-25.66	-106.634	-95.569	-85.104	-72.363	-61.721	-58.09	-45.224	-37.667	-35.303	-32.232	-38.095	-37.366	-36.663	-42.033	-39.805	-33.651	-37.556	-40.28	-36.441	-49.551	-50.741	-48.679	-52.595	-58.602	-58.054	-54.548	-61.856	-68.525	-73.143	-85.471
132	-27.435	-102.056	-96.418	-88.415	-77.892	-67.481	-62.496	-51.453	-34.984	-34.179	-42.822	-35.405	-35.572	-40.933	-42.642	-43.585	-38.326	-41.633	-47.401	-44.587	-49.934	-46.188	-47.534	-49.379	-54.599	-56.317	-50.855	-54.609	-64.329	-71.524	-83.267
133	-24.785	-106.796	-92.412	-85.874	-74.843	-61.654	-58.076	-40.893	-34.486	-32.074	-34.429	-33.426	-31.256	-39.2	-46.05	-40.935	-36.173	-42.453	-44.219	-42.886	-46.313	-45.262	-45.486	-47.06	-50.906	-53.149	-44.102	-45.545	-54.9	-62.614	-70.354
134	-26.16	-104.081	-94.821	-86.629	-77.017	-62.706	-58.475	-55.346	-43.505	-37.146	-36.383	-44.979	-40.675	-43.533	-44.507	-38.073	-32.532	-36.852	-36.793	-32.086	-47.177	-50.057	-47.101	-54.536	-54.429	-59.927	-57.803	-57.745	-64.906	-73.457	-83.837
135	-27.71	-102.53	-90.466	-81.062	-72.215	-58.496	-55.289	-45.048	-34.982	-38.146	-41.523	-34.271	-36.99	-38.643	-39.72	-45.94	-42.43	-44.76	-50.068	-44.939	-47.604	-47.034	-44.815	-44.74	-49.365	-50.72	-44.149	-48.586	-58.462	-65.958	-77.615
136	-28.76	-102.749	-94.94	-85.408	-74.047	-65.801	-58.925	-42.459	-36.405	-36.275	-43.263	-38.182	-37.024	-43.613	-46.111	-47.285	-41.175	-47.282	-48.212	-39.598	-49.3	-44.109	-45.021	-47.926	-53.667	-54.837	-48.726	-48.095	-59.02	-67.099	-77.785
137	-27.985	-102.549	-95.794	-87.297	-75.746	-65.439	-60.375	-52.925	-36.766	-35.641	-37.411	-39.742	-37.693	-42.375	-41.814	-40.413	-39.941	-44.641	-49.158	-41.612	-42.446	-41.746	-42.319	-46.563	-48.859	-52.602	-48.479	-48.772	-56.088	-63.619	-76.93
138	-25.535	-105.019	-93.607	-83.688	-73.911	-62.829	-56.998	-56.55	-37.677	-33.338	-38.032	-37.399	-33.208	-44.353	-40.945	-38.243	-32.91	-40.72	-36.125	-37.467	-50.557	-42.973	-45.591	-49.001	-55.341	-58.464	-50.757	-55.428	-61.598	-67.778	-78.137
139	-27.097	-106.823	-95.909	-86.641	-78.58	-66.749	-58.361	-41.871	-34.804	-36.469	-42.235	-35.801	-35.539	-41.198	-42.081	-42.557	-36.973	-42.972	-43.621	-36.524	-46.086	-50.314	-49.214	-52.912	-55.931	-57.115	-53.294	-59.944	-61.32	-69.382	-83.09
140	-24.285	-100.189	-94.979	-86.184	-74.172	-64.664	-57.204	-40.789	-32.274	-34.865	-39.256	-31.025	-33.445	-38.065	-38.273	-35.447	-35.309	-45.488	-44.803	-35.712	-40.562	-41.663	-42.377	-46.133	-52.916	-67.161	-59.878	-59.755	-62.997	-71.002	-81.424
141	-26.422	-104.764	-91.906	-82.315	-76.003	-65.613	-60.359	-51.117	-36.604	-32.647	-34.284	-34.861	-33.988	-41.109	-42.074	-41.159	-42.753	-45.109	-43.832	-46.329	-52.898	-44.457	-47.09	-46.977	-55.229	-54.78	-49.79	-57.17	-66.055	-69.16	-83.533
142	-23.185	-103.328	-89.293	-80.215	-71.463	-61.407	-56.846	-46.31	-34.367	-28.336	-29.784	-35.519	-29.658	-36.577	-43.187	-40.668	-42.239	-49.761	-53.187	-43.556	-46.142	-43.789	-45.733	-46.718	-47.46	-50.979	-46.634	-48.68	-55.119	-63.905	-77.434
143	-26.435	-109.359	-92.479	-86.151	-75.668	-62.962	-58.187	-48.173	-34.195	-34.643	-36.49	-36.923	-35.807	-39.016	-42.351	-37.814	-35.273	-39.488	-45.03	-42.846	-45.617	-48.223	-48.696	-54.814	-62.664	-76.931	-71.795	-70.24	-71.869	-74.722	-86.674
144	-27.622	-108.324	-95.233	-84.898	-73.793	-64.228	-57.883	-45.889	-35.722	-38.978	-44.027	-37.111	-41.381	-39.712	-44.328	-39.195	-34.087	-40.009	-37.954	-41.707	-52.334	-52.456	-47.415	-51.213	-57.569	-52.984	-47.564	-57.331	-62.759	-68.221	-80.497
145	-24.147	-102.999	-92.388	-85.346	-74.859	-64.717	-58.289	-39.977	-34.737	-34.09	-37.267	-35.053	-34.85	-40.768	-39.226	-38.471	-33.004	-37.568	-37.257	-31.414	-38.474	-45.091	-38.73	-43.911	-51.008	-58.202	-53.978	-56.288	-62.715	-66.295	-78.201
146	-26.847	-104.227	-93.894	-84.913	-71.834	-62.458	-58.867	-49.518	-39.739	-35.107	-33.126	-39.201	-36.122	-37.146	-42.224	-38	-38.848	-40.8	-44.922	-44.24	-51.462	-46.028	-46.218	-45.223	-49.404	-50.669	-45.79	-48.538	-57.719	-64.045	-78.278
147	-25.51	-109.204	-93.254	-83.123	-72.715	-62.646	-58.282	-44.08	-35.062	-34.69	-34.714	-37.164	-36.045	-41.767	-42.185	-37.073	-33.41	-37.587	-41.52	-35.269	-45.407	-48.416	-47.618	-51.802	-58.146	-57.618	-48.433	-53.572	-61.324	-66.053	-76.299
148	-25.51	-101.34	-89.973	-83.405	-71.426	-64.117	-58.398	-53.168	-36.561	-33.213	-33.49	-38.86	-36.885	-39.317	-38.029	-36.449	-33.884	-37.821	-43.147	-38.525	-43.146	-46.625	-48.607	-48.536	-52.088	-52.502	-47.76	-56.407	-62.225	-66.737	-78.661
149	-26.96	-98.79	-95.703	-85.366	-73.737	-59.305	-56.169	-46.035	-38.724	-37.893	-39.454	-35.784	-35.751	-44.249	-50.744	-43.101	-34.529	-40.67	-40.171	-38.54	-42.429	-41.811	-39.082	-44.915	-50.188	-52.616	-45.659	-51.232	-57.943	-65.445	-80.086
150	-27.197	-104.801	-91.852	-86.443	-76.108	-61.01	-58.095	-47.326	-36.944	-33.623	-43.248	-38.24	-32.403	-44.225	-42.765	-39.836	-39.763	-45.611	-49.508	-40.958	-46.069	-44.486	-46.922	-47.904	-56.454	-59.799	-52.339	-56.409	-65.199	-71.732	-83.446
151	-25.535	-102.421	-93.605	-86.731	-72.775	-62.511	-58.417	-56.564	-38.041	-33.655	-29.218	-39.493	-34.943	-39.017	-41.159	-41.731	-40.174	-47.213	-47.029	-38.418	-44.641	-43.57	-49.632	-55.529	-63.229	-68.9	-64.904	-67.153	-69.137	-73.937	-84.55
152	-24.147	-99.799	-89.228	-83.426	-74.221	-62.876	-54.689	-49.511	-36.139	-28.785	-34.623	-37.968	-32.293	-39.178	-40.671	-38.298	-38.009	-44.337	-45.379	-35.928	-38.559	-47.393	-42.682	-44.4	-42.214	-47.556	-42.067	-42.374	-53.381	-64.701	-74.334
153	-27.385	-102.823	-93.649	-85.963	-76.101	-66.32	-62.479	-55.629	-39.76	-34.949	-37.085	-42.218	-38.333	-46.111	-42.298	-37.309	-34.598	-46.164	-45.719	-38.046	-43.013	-44.886	-41.729	-44.029	-51.894	-54.663	-49.864	-52.653	-61.527	-67.543	-78.14
154	-25.46	-100.98	-92.927	-86.118	-76.942	-65.721	-61.953	-41.508	-36.006	-37.567	-39.787	-35.6	-34.511	-42.656	-48.383	-42.769	-33.835	-38.394	-39.572	-32.003	-39.656	-43.231	-41.753	-47.176	-51.775	-55.036	-51.426	-57.003	-65.071	-68.366	-80.334
155	-28.035	-103.807	-90.395	-84.545	-70.547	-60.402	-55.028	-44.121	-36.524	-38.43	-40.712	-34.605	-38.451	-41.065	-44.903	-42.181	-40.593	-50.162	-50.358	-43.725	-41.034	-43.751	-41.341	-42.381	-47.756	-53.28	-46.289	-49.626	-60.5	-66.566	-79.602
156	-27.247	-105.515	-91.892	-80.623	-71.919	-60.042	-54.819	-42.928	-37.713	-36.703	-41.183	-37.721	-36.473	-46.816	-41.311	-39.355	-37.517	-44.699	-48.568	-38.138	-37.823	-39.973	-40.604	-45.63	-48.822	-52.419	-47.924	-48.17	-58.959	-67.293	-78.422
157	-25.097	-104.537	-90.795	-81.984	-72.22	-63.151	-57.689	-48.868	-37.845	-34.377	-38.581	-36.615	-32.454	-39.65	-46.432	-41.032	-32.2	-37.534	-37.879	-35.833	-39.444	-42.243	-40.083	-48.824	-57.834	-69.939	-68.388	-67.832	-68.632	-71.104	-81.685
158	-28.572	-111.118	-95.076	-87.913	-73.447	-64.349	-59.705	-54.075	-38.899	-37.071	-38.537	-39.158	-39.478	-41.758	-45.688	-39.243	-36.79	-39.393	-42.747	-43.822	-48.007	-47.605	-46.388	-49.399	-52.287	-56.81	-50.757	-55.591	-63.206	-69.873	-82.902
159	-26.185	-102.833	-90.792	-78.428	-67.449	-56.529	-58.178	-45.448	-32.581	-37.19	-43.741	-32.835	-34.753	-37.642	-42.376	-45.042	-38.812	-41.837	-43.842	-37.822	-45.374	-47.629	-48.502	-45.543	-52.312	-48.424	-47.681	-57.179	-58.165	-66.258	-79.868
160	-26.885	-96.926	-86.188	-81.469	-74.314	-63.613	-59.328	-45	-36.271	-34.732	-42.01	-35.779	-33.746	-39.511	-43.707	-42.672	-38.463	-44.052	-43.002	-39.326	-40.782	-44.193	-43.771	-49.12	-53.348	-57.748	-52.143	-59.661	-68.009	-72.338	-82.247
161	-28.21	-105.771	-93.459	-85.536	-75.798	-66.454	-58.954	-43.519	-37.542	-35.913	-39.79	-37.496	-36.984	-40.597	-43.52	-43.954	-39.027	-45.554	-42.685	-38.536	-49.471	-53.115	-50.354	-45.696	-55.541	-56.943	-49.176	-55.573	-64.152	-70.376	-84.281
162	-24.985	-101.86	-91.609	-84.693	-73.463	-60.798	-58.12	-44.442	-34.46	-33.181	-36.058	-34.565	-36.806	-39.493	-38.854	-36.776	-34.817	-43.218	-40.015	-33.514	-40.43	-46.927	-45.43	-47.643	-53.546	-55.164	-47.084	-50.001	-58.376	-64.696	-78.642
163	-27.185	-104.819	-93.43	-83.919	-75.788	-62.836	-59.228	-48.418	-35.489	-34.083	-40.989	-37.68	-37.402	-43.769	-40.882	-38.407	-38.226	-40.417	-46.167	-37.673	-44.373	-44.552	-44.99	-49.866	-53.137	-55.997	-50.995	-53.783	-61.631	-69.163	-79.606
164	-26.56	-99.559	-90.236	-81.727	-71.693	-61.226	-56.962	-46.829	-34.833	-38.952	-40.213	-37.092	-40.725	-40.551	-41.943	-35.604	-33.392	-36.374	-39.822	-40.326	-48.901	-45.726	-46.854	-53.4	-51.637	-52.593	-49.643	-51.291	-58.187	-68.579	-78.183
165	-27.71	-107.48	-93.899	-85.873	-75.244	-63.38	-54.455	-50.831	-37.244	-35.208	-41.382	-38.888	-39.278	-46.38	-44.827	-39.018	-34.432	-40.872	-42.4	-39.545	-49.587	-43.797	-46.194	-48.355	-50.793	-52.862	-51.644	-49.522	-57.469	-66.329	-76.773
166	-26.71	-98.13	-90.426	-81.726	-71.022	-60.184	-55.332	-41.555	-32.48	-38.161	-40.678	-34.057	-37.936	-40.032	-42.41	-43.018	-40.801	-43.165	-46.413	-37.507	-42.515	-45.301	-47.1	-46.074	-51.472	-49.836	-42.584	-50.989	-60.585	-63.536	-77.244
167	-25.21	-102.503	-95.504	-87.614	-75.512	-64.435	-62.199	-45.18	-35.912	-36.726	-42.707	-36.066	-35.319	-43.262	-43.745	-37.775	-32.181	-35.422	-36.562	-32.957	-41.319	-52.208	-47.193	-49.503	-57.718	-62.116	-54.471	-56.183	-65.601	-71.997	-86.112
168	-27.885	-110.38	-94.607	-88.916	-76.844	-63.782	-58.207	-50.085	-41.984	-35.184	-34.956	-42.111	-35.637	-42.672	-37.9	-39.842	-39.891	-40.702	-45.248	-45.095	-48.84	-46.109	-48.452	-49.997	-55.219	-58.118	-53.286	-57.21	-62.245	-66.648	-79.538
169	-26.522	-101.703	-92.388	-86.176	-76.151	-60.597	-60.598	-47.605	-34.514	-34.193	-39.233	-33.49	-34.341	-41.264	-45.383	-43.519	-38.038	-47.055	-50.174	-43.572	-42.527	-41.402	-43.759	-47.658	-48.902	-53.738	-48.493	-53.265	-60.916	-63.255	-77.865
170	-26.672	-101.141	-91.307	-83.852	-73.946	-58.584	-53.985	-47.247	-35.762	-35.59	-35.964	-37.639	-36.385	-38.996	-39.243	-38.561	-37.034	-40.124	-40.059	-39.552	-44.734	-48.417	-47.214	-49.519	-50.744	-55.62	-53.535	-62.412	-61.502	-71.09	-83.647
171	-23.535	-104.572	-92.835	-84.228	-74.165	-61.469	-57.889	-50.21	-35.587	-31.002	-30.009	-38.142	-31.498	-35.834	-43.146	-40.321	-36.922	-37.977	-41.819	-32.716	-44.011	-38.451	-43.728	-47.692	-60.528	-68.993	-63.878	-64.432	-66.727	-72.582	-83.831
172	-24.685	-105.804	-93.028	-85.47	-76.779	-65.177	-58.339	-49.458	-35.11	-33.077	-29.533	-33.973	-32.401	-38.913	-40.647	-41.204	-43.993	-47.784	-48.79	-40.068	-45.388	-44.024	-46.904	-48.134	-55.878	-55.276	-48.815	-55.156	-61.707	-68.033	-79.107
173	-24.647	-104.245	-95.694	-82.569	-74.655	-63.211	-59.62	-48.063	-34.185	-31.802	-33.585	-35.443	-36.278	-37.289	-37.867	-37.403	-36.845	-44.653	-41.329	-37.578	-44.785	-46.128	-45.361	-41.832	-45.466	-46.581	-38.566	-38.986	-50.715	-58.08	-70.399
174	-26.66	-102.342	-90.307	-88.971	-74.802	-66.319	-63.002	-50.167	-33.213	-36.856	-43.196	-35.567	-41.379	-40.573	-42.825	-38.528	-35.058	-43.061	-47.166	-37.289	-38.741	-42.412	-45.753	-47.473	-50.436	-53.667	-48.432	-51.997	-61.735	-68.051	-79.836
175	-27.297	-99.936	-91.033	-85.336	-73.207	-62.888	-57.683	-42.473	-40.813	-34.109	-36.979	-39.398	-33.588	-42.122	-45.431	-45.272	-37.645	-43.525	-40.725	-39.956	-48.776	-45.289	-47.907	-46.42	-54.111	-56.767	-48.847	-53.256	-63.636	-68.443	-80.755
176	-27.322	-104.907	-95.855	-87.193	-73.074	-61.544	-59.129	-49.233	-39.176	-38.82	-43.167	-39.052	-38.051	-43.407	-42.91	-39.702	-34.936	-42.405	-45.227	-35.309	-39.142	-45.791	-38.892	-42.907	-48.228	-51.406	-46.173	-47.97	-56.422	-64.359	-77.258
177	-26.185	-107.305	-93.12	-82.412	-73.21	-60.755	-57.85	-38.686	-35.483	-37.592	-37.653	-32.87	-33.159	-39.77	-42.739	-39.69	-37.127	-41.086	-48.775	-43.769	-44.301	-44.623	-45.964	-49.961	-57.124	-62.323	-55.76	-58.307	-67.274	-72.047	-85.802
178	-26.11	-106.538	-91.95	-81.372	-71.618	-59.88	-54.557	-48.443	-38.448	-33.019	-34.882	-37.741	-34.759	-42.733	-37.021	-37.472	-38.37	-40.212	-39.292	-42.158	-44.989	-41.51	-44.354	-49.919	-50.238	-56.263	-52.402	-56.885	-61.519	-68.836	-80.708
179	-24.485	-104.001	-94.334	-85.178	-78.31	-65.814	-58.98	-55.465	-35.454	-31.28	-35.287	-34.123	-32.438	-40.825	-43.422	-38.548	-34.6	-37.375	-40.564	-33.988	-45.446	-46.629	-47.959	-54.96	-56.94	-64.795	-58.997	-59.726	-66.44	-72.415	-82.607
180	-27.735	-105.676	-97.766	-87.121	-76.78	-64.553	-57.659	-41.192	-38.098	-43.667	-40.096	-38.025	-42.513	-45.696	-43.761	-41.651	-35.572	-39.161	-40.345	-34.197	-42.543	-52.625	-47.234	-50.378	-51.703	-55.284	-46.578	-48.78	-60.144	-67.098	-78.856
181	-26.435	-105.098	-95.478	-89.446	-77.659	-62.723	-59.324	-44.498	-39.656	-36.681	-32.087	-38.516	-34.085	-36.426	-41.443	-40.036	-40.545	-42.645	-44.556	-38.74	-42.286	-46.59	-50.519	-51.683	-56.554	-60.503	-53.913	-58.933	-66.912	-72.659	-80.941
182	-25.097	-108.191	-96.244	-85.664	-75.841	-66.868	-61.331	-46.167	-37.552	-37.103	-41.34	-37.421	-38.635	-44.785	-41.756	-36.995	-31.284	-42.489	-38.749	-31.179	-38.367	-44.873	-41.541	-43.056	-47.846	-50.098	-43.899	-49.462	-58.591	-65.855	-73.9
183	-27.985	-105.991	-93.697	-86.353	-73.159	-60.492	-61.061	-48.018	-37.583	-38.254	-42.306	-37.738	-38.389	-41.879	-43.253	-40.484	-37.823	-41.693	-42.279	-35.678	-41.932	-44.782	-43.494	-51.14	-62.975	-77.07	-70.662	-68.505	-70.693	-76.781	-87.188
184	-27.485	-110.239	-95.751	-86.361	-75.991	-60.558	-55.968	-53.201	-41.682	-35.611	-39.95	-43.05	-40.25	-46.842	-42.259	-38.663	-34.082	-39.422	-38.747	-36.2	-48.274	-44.855	-47.897	-46.606	-49.074	-52.226	-46.095	-48.838	-57.894	-64.55	-78.353
185	-25.972	-105.212	-96.174	-84.178	-72.645	-63.135	-56.929	-46.802	-34.127	-31.296	-40.661	-36.057	-33.299	-43.358	-42.2	-39.146	-40.913	-45.943	-45.925	-41.474	-44.062	-44.705	-44.464	-48.619	-45.614	-49.254	-46.459	-46.106	-53.128	-61.718	-74.006
186	-24.397	-100.772	-96.338	-87.032	-74.265	-61.726	-57.786	-52.152	-37.594	-31.711	-28.425	-37.189	-32.154	-39.241	-44.026	-38.159	-41.297	-48.685	-51.806	-46.747	-44.838	-41.21	-42.466	-48.336	-54.704	-57.022	-54.806	-58.763	-64.029	-66.621	-77.086
187	-24.61	-102.193	-92.091	-86.022	-75.051	-61.289	-57.052	-45.229	-32.444	-32.346	-39.266	-33.488	-31.382	-41.122	-39.734	-36.351	-36.059	-42.061	-45.69	-41.15	-41.653	-43.287	-42.618	-47.088	-51.148	-53.518	-45.356	-51.485	-62.066	-67.638	-79.799
188	-23.622	-103.556	-91.754	-85.731	-74.274	-60.035	-54.56	-50.68	-34.019	-32.111	-30.978	-33.904	-33.241	-39.08	-42.882	-41.824	-31.57	-36.192	-37.084	-35.045	-48.938	-47.423	-47.719	-55.487	-61.542	-66.633	-61.917	-64.067	-70.095	-73.507	-85.255
189	-28.297	-104.591	-98.419	-87.288	-77.35	-63.41	-59.593	-52.092	-37.296	-35.346	-40.242	-37.768	-38.905	-41.601	-46.455	-40.922	-38.301	-48.753	-49.154	-38.955	-44.469	-47.321	-49.017	-46.744	-47.567	-50.054	-44.899	-47.315	-58.368	-66.952	-80.772
190	-25.46	-107.638	-95.539	-89.295	-79.677	-67.032	-68.092	-49.58	-34.251	-32.293	-41.301	-34.241	-34.675	-41.795	-48.681	-40.705	-33.695	-39.983	-40.738	-35.274	-45.455	-48.307	-46.797	-51.404	-61.458	-65.671	-67.251	-68.199	-70.717	-77.101	-87.728
191	-24.335	-100.204	-95.01	-84.657	-75.093	-61.543	-56.543	-49.891	-35.746	-30.722	-30.655	-34.108	-30.147	-36.762	-42.696	-43.129	-51.038	-52.382	-47.656	-45.037	-47.593	-46.115	-48.63	-54.606	-60.371	-68.814	-59.941	-63.334	-67.064	-69.707	-81.65
192	-25.71	-104.913	-97.846	-85.761	-76.581	-64.215	-59.191	-43.542	-36.872	-35.323	-42.616	-36.179	-33.018	-43.495	-42.342	-41.44	-34.326	-39.915	-44.04	-34.942	-38.662	-46.728	-42.495	-45.992	-47.447	-50.109	-40.202	-44.138	-54.399	-62.62	-77.134
193	-28.91	-105.5	-97.716	-86.838	-77.804	-65.473	-63.324	-55.606	-40.478	-36.195	-38.065	-40.445	-38.476	-45.599	-40.777	-37.835	-42.245	-47.628	-51.316	-44.78	-46.697	-39.633	-42.304	-51.403	-55.057	-57.893	-57.699	-62.736	-66.943	-71.934	-85.58
194	-24.722	-104.245	-94.033	-84.741	-73.087	-63.544	-57.703	-40.492	-35.054	-33.622	-40.334	-35.936	-32.828	-41.094	-37.926	-36.295	-33.815	-39.888	-39.26	-33.372	-41.952	-49.149	-46.854	-45.429	-48.484	-52.403	-45.274	-50.881	-58.531	-65.78	-81.194
195	-25.81	-106.616	-94.557	-87.866	-78.299	-66.567	-64.951	-50.657	-35.684	-34.423	-38.631	-35.888	-36.687	-42.281	-36.083	-38.945	-34.636	-40.194	-42.302	-35.844	-42.734	-42.375	-40.878	-45.179	-48.039	-51.64	-49.467	-55.885	-61.095	-68.548	-82.653
196	-25.91	-105.512	-95.479	-84.426	-74.356	-63.614	-59.3	-51.022	-38.517	-35.51	-40.292	-36.776	-36.101	-42.722	-45.732	-41.395	-36.07	-36.594	-39.476	-31.761	-40.853	-40.962	-41.728	-48.06	-57.208	-63.024	-58.539	-64.212	-67.634	-72.514	-84.844
197	-27.61	-98.696	-90.959	-82.169	-74.437	-58.697	-60.073	-49.355	-34.41	-36.152	-40.824	-36.875	-36.311	-43.31	-44.855	-41.314	-38.879	-41.457	-44.573	-39.331	-46.555	-47.238	-47.475	-49.946	-47.501	-50.502	-47.462	-47.637	-56.002	-65.406	-78.314
198	-27.047	-104.178	-91.815	-82.025	-73.015	-59.639	-55.726	-50.932	-39.211	-35.388	-33.005	-40.731	-35.917	-34.77	-42.24	-41.067	-39.777	-45.413	-48.706	-45.17	-44.855	-47.59	-47.356	-49.502	-53.22	-54.469	-46.956	-52.351	-61.295	-68.526	-81.457
199	-26.36	-99.954	-94.21	-86.683	-72.541	-61.586	-54.654	-51.027	-33.383	-34.375	-38.366	-34.342	-36.814	-40.368	-41.413	-40.181	-36.791	-42.755	-46.076	-39.939	-46.195	-44.355	-42.338	-48.199	-55.767	-57.06	-51.769	-51.33	-59.247	-68.269	-82.512
200	-27.972	-108.049	-94.48	-85.677	-75.17	-66.408	-61.639	-46.922	-37.458	-35.689	-38.623	-38.717	-38.989	-44.069	-43.628	-38.122	-36.784	-39.547	-41.942	-40.22	-51.276	-53.81	-53.826	-50.52	-52.939	-55.662	-50.097	-51.959	-59.026	-66.073	-77.737
